#V3.30
#data file constructed by hand by Matt Smith 8/2019
#_observed data: 
1950 #_styr
2014 #_endyr
1 #_nseas
12 #_months/season
2 #subseason
1 #_spawn_month
1 # number of sexes
14 #_Nages
1 #_N_areas
11 #_Nfleet and _Nsurveys
# fleet inputs
# Fleet type, Timing, Area, Catch units, Catch Mult., Fleet Names
1 -1 1 1 0 CM_E
1 -1 1 1 0 CM_W
1 -1 1 2 0 REC
2 -1 1 2 0 SMP_BYC
3 1 1 1 0 HB_E
3 1 1 1 0 HB_W
3 1 1 1 0 CM_E_IFQ
3 1 1 1 0 CM_W_IFQ
3 1 1 1 0 LARVAL
3 1 1 1 0 VIDEO
3 1 1 1 0 SEAMAP
#
#Extra Bycatch Fleet input
4 1 3 2011 2014 999 # not sure if we want option 1 or 2 for column b of this input
#
#Catch
#Year Season Fleet Catch SE
#-999 1 1 0 0.05
1950	1	1	1	0.05
1951	1	1	1.99	0.05
1952	1	1	2.99	0.05
1953	1	1	3.98	0.05
1954	1	1	4.98	0.05
1955	1	1	5.98	0.05
1956	1	1	6.97	0.05
1957	1	1	7.97	0.05
1958	1	1	8.97	0.05
1959	1	1	9.96	0.05
1960	1	1	10.96	0.05
1961	1	1	11.95	0.05
1962	1	1	12.95	0.05
1963	1	1	13.95	0.05
1964	1	1	15.26	0.05
1965	1	1	15.15	0.05
1966	1	1	7.9	    0.05
1967	1	1	16.01	0.05
1968	1	1	31.82	0.05
1969	1	1	40.53	0.05
1970	1	1	37.81	0.05
1971	1	1	41.29	0.05
1972	1	1	36.45	0.05
1973	1	1	61.48	0.05
1974	1	1	58.35	0.05
1975	1	1	126.98	0.05
1976	1	1	111.57	0.05
1977	1	1	151.22	0.05
1978	1	1	129.98	0.05
1979	1	1	99.08	0.05
1980	1	1	72.42	0.05
1981	1	1	105.02	0.05
1982	1	1	108.57	0.05
1983	1	1	171.33	0.05
1984	1	1	241.32	0.05
1985	1	1	304.88	0.05
1986	1	1	312.81	0.05
1987	1	1	242.45	0.05
1988	1	1	222.91	0.05
1989	1	1	217.18	0.05
1990	1	1	517.41	0.05
1991	1	1	420.91	0.05
1992	1	1	538.57	0.05
1993	1	1	743.03	0.05
1994	1	1	712.51	0.05
1995	1	1	678.87	0.05
1996	1	1	523.97	0.05
1997	1	1	469.46	0.05
1998	1	1	365.3	0.05
1999	1	1	416.7	0.05
2000	1	1	315.59	0.05
2001	1	1	362.53	0.05
2002	1	1	452.12	0.05
2003	1	1	523.3	0.05
2004	1	1	420.92	0.05
2005	1	1	444.31	0.05
2006	1	1	505.42	0.05
2007	1	1	527.65	0.05
2008	1	1	810.03	0.05
2009	1	1	1274.05	0.05
2010	1	1	598.81	0.05
2011	1	1	1102.13	0.05
2012	1	1	720.63	0.05
2013	1	1	416.09	0.05
2014	1	1	346.69	0.05
#-999 1 2 0 0.05
1950	1	2	0.73	0.05
1951	1	2	1.46	0.05
1952	1	2	2.19	0.05
1953	1	2	2.92	0.05
1954	1	2	3.65	0.05
1955	1	2	4.38	0.05
1956	1	2	5.11	0.05
1957	1	2	5.84	0.05
1958	1	2	6.57	0.05
1959	1	2	7.3	0.05
1960	1	2	8.03	0.05
1961	1	2	8.76	0.05
1962	1	2	9.49	0.05
1963	1	2	10.22	0.05
1964	1	2	10.67	0.05
1965	1	2	9.42	0.05
1966	1	2	3.02	0.05
1967	1	2	7.15	0.05
1968	1	2	22.81	0.05
1969	1	2	12.29	0.05
1970	1	2	20.14	0.05
1971	1	2	21.8	0.05
1972	1	2	21.1	0.05
1973	1	2	24.92	0.05
1974	1	2	30.31	0.05
1975	1	2	49.59	0.05
1976	1	2	27.44	0.05
1977	1	2	88.51	0.05
1978	1	2	74.05	0.05
1979	1	2	99.99	0.05
1980	1	2	67.34	0.05
1981	1	2	52.46	0.05
1982	1	2	66.45	0.05
1983	1	2	73.37	0.05
1984	1	2	384.78	0.05
1985	1	2	334.57	0.05
1986	1	2	425.94	0.05
1987	1	2	455.15	0.05
1988	1	2	449.83	0.05
1989	1	2	454.87	0.05
1990	1	2	436.21	0.05
1991	1	2	366.4	0.05
1992	1	2	476.53	0.05
1993	1	2	463.24	0.05
1994	1	2	471.8	0.05
1995	1	2	296.76	0.05
1996	1	2	295.68	0.05
1997	1	2	486.52	0.05
1998	1	2	406.03	0.05
1999	1	2	497.89	0.05
2000	1	2	343.93	0.05
2001	1	2	410.11	0.05
2002	1	2	453.47	0.05
2003	1	2	571.01	0.05
2004	1	2	552.27	0.05
2005	1	2	401.91	0.05
2006	1	2	288.56	0.05
2007	1	2	548.36	0.05
2008	1	2	458.62	0.05
2009	1	2	444.34	0.05
2010	1	2	356.68	0.05
2011	1	2	329.52	0.05
2012	1	2	371.01	0.05
2013	1	2	226.29	0.05
2014	1	2	271.67	0.05
#-999 1 3 0 0.15
1950	1	3	6.03	0.15
1951	1	3	12.07	0.15
1952	1	3	18.1	0.15
1953	1	3	24.13	0.15
1954	1	3	30.17	0.15
1955	1	3	36.2	0.15
1956	1	3	42.23	0.15
1957	1	3	48.26	0.15
1958	1	3	54.3	0.15
1959	1	3	60.33	0.15
1960	1	3	66.36	0.15
1961	1	3	72.4	0.15
1962	1	3	78.43	0.15
1963	1	3	84.46	0.15
1964	1	3	90.5	0.15
1965	1	3	96.53	0.15
1966	1	3	102.56	0.15
1967	1	3	108.59	0.15
1968	1	3	114.63	0.15
1969	1	3	120.66	0.15
1970	1	3	126.69	0.15
1971	1	3	132.73	0.15
1972	1	3	138.76	0.15
1973	1	3	144.79	0.15
1974	1	3	150.83	0.15
1975	1	3	156.86	0.15
1976	1	3	162.89	0.15
1977	1	3	168.92	0.15
1978	1	3	174.96	0.15
1979	1	3	180.99	0.15
1980	1	3	187.02	0.15
1981	1	3	194.36	0.15
1982	1	3	591.2	0.15
1983	1	3	170.86	0.15
1984	1	3	240.47	0.15
1985	1	3	414.88	0.15
1986	1	3	992.11	0.15
1987	1	3	1033.52	0.15
1988	1	3	1385.55	0.15
1989	1	3	866.96	0.15
1990	1	3	1164.61	0.15
1991	1	3	1148.51	0.15
1992	1	3	1365.73	0.15
1993	1	3	1198.84	0.15
1994	1	3	982.38	0.15
1995	1	3	1216.1	0.15
1996	1	3	580.19	0.15
1997	1	3	612.02	0.15
1998	1	3	309.98	0.15
1999	1	3	421.77	0.15
2000	1	3	330.47	0.15
2001	1	3	631.77	0.15
2002	1	3	521.71	0.15
2003	1	3	604.38	0.15
2004	1	3	828.28	0.15
2005	1	3	625.45	0.15
2006	1	3	543.88	0.15
2007	1	3	502.08	0.15
2008	1	3	530.48	0.15
2009	1	3	727.98	0.15
2010	1	3	432.57	0.15
2011	1	3	1130.42	0.15
2012	1	3	632.07	0.15
2013	1	3	1098.02	0.15
2014	1	3	1108.33	0.15
#-999 1 4 0 0.25
1950	1	4	0.001	0.25
1951	1	4	0.001	0.25
1952	1	4	0.001	0.25
1953	1	4	0.001	0.25
1954	1	4	0.001	0.25
1955	1	4	0.001	0.25
1956	1	4	0.001	0.25
1957	1	4	0.001	0.25
1958	1	4	0.001	0.25
1959	1	4	0.001	0.25
1960	1	4	0.001	0.25
1961	1	4	0.001	0.25
1962	1	4	0.001	0.25
1963	1	4	0.001	0.25
1964	1	4	0.001	0.25
1965	1	4	0.001	0.25
1966	1	4	0.001	0.25
1967	1	4	0.001	0.25
1968	1	4	0.001	0.25
1969	1	4	0.001	0.25
1970	1	4	0.001	0.25
1971	1	4	0.001	0.25
1972	1	4	0.001	0.25
1973	1	4	0.001	0.25
1974	1	4	0.001	0.25
1975	1	4	0.001	0.25
1976	1	4	0.001	0.25
1977	1	4	0.001	0.25
1978	1	4	0.001	0.25
1979	1	4	0.001	0.25
1980	1	4	0.001	0.25
1981	1	4	0.001	0.25
1982	1	4	0.001	0.25
1983	1	4	0.001	0.25
1984	1	4	0.001	0.25
1985	1	4	0.001	0.25
1986	1	4	0.001	0.25
1987	1	4	0.001	0.25
1988	1	4	0.001	0.25
1989	1	4	0.001	0.25
1990	1	4	0.001	0.25
1991	1	4	0.001	0.25
1992	1	4	0.001	0.25
1993	1	4	0.001	0.25
1994	1	4	0.001	0.25
1995	1	4	0.001	0.25
1996	1	4	0.001	0.25
1997	1	4	0.001	0.25
1998	1	4	0.001	0.25
1999	1	4	0.001	0.25
2000	1	4	0.001	0.25
2001	1	4	0.001	0.25
2002	1	4	0.001	0.25
2003	1	4	0.001	0.25
2004	1	4	0.001	0.25
2005	1	4	0.001	0.25
2006	1	4	0.001	0.25
2007	1	4	0.001	0.25
2008	1	4	0.001	0.25
2009	1	4	0.001	0.25
2010	1	4	0.001	0.25
2011	1	4	0.001	0.25
2012	1	4	0.001	0.25
2013	1	4	0.001	0.25
2014	1	4	0.001	0.25
-9999 0 0 0 0  # terminator for catch
#
# Indices
1 1 0 0
2 1 0 0
3 0 0 0
4 2 0 0 
5 0 0 0 
6 0 0 0
7 1 0 0
8 1 0 0 
9 30 0 0 
10 0 0 0
11 0 0 0
#
#_year	month	fleet	obs	err		
1993	7	1	1.036	0.1159	#	CM_E
1994	7	1	1.2518	0.0991	#	CM_E
1995	7	1	0.8942	0.1107	#	CM_E
1996	7	1	0.9462	0.0985	#	CM_E
1997	7	1	0.8821	0.104	#	CM_E
1998	7	1	0.8716	0.1049	#	CM_E
1999	7	1	0.9328	0.0964	#	CM_E
2000	7	1	0.7983	0.1121	#	CM_E
2001	7	1	0.8692	0.1059	#	CM_E
2002	7	1	0.9441	0.098	#	CM_E
2003	7	1	1.0013	0.0938	#	CM_E
2004	7	1	0.9802	0.101	#	CM_E
2005	7	1	1.2835	0.0987	#	CM_E
2006	7	1	1.3086	0.1096	#	CM_E
2007	7	7	0.3832	0.3744	#	CM_E_IFQ
2008	7	7	0.8444	0.3639	#	CM_E_IFQ
2009	7	7	0.8966	0.3575	#	CM_E_IFQ
2010	7	7	0.9106	0.3707	#	CM_E_IFQ
2011	7	7	1.3864	0.3664	#	CM_E_IFQ
2012	7	7	1.1867	0.3657	#	CM_E_IFQ
2013	7	7	1.1399	0.3738	#	CM_E_IFQ
2014	7	7	1.2521	0.379	#	CM_E_IFQ
1993	7	2	1.0614	0.3494	#	CM_W
1994	7	2	1.4628	0.2858	#	CM_W
1995	7	2	0.9335	0.2955	#	CM_W
1996	7	2	1.0168	0.2542	#	CM_W
1997	7	2	1.2941	0.1946	#	CM_W
1998	7	2	1.0179	0.2178	#	CM_W
1999	7	2	1.0543	0.1875	#	CM_W
2000	7	2	0.7217	0.2249	#	CM_W
2001	7	2	0.7649	0.236	#	CM_W
2002	7	2	1.0021	0.2048	#	CM_W
2003	7	2	1.262	0.1844	#	CM_W
2004	7	2	1.2453	0.1817	#	CM_W
2005	7	2	0.77	0.2142	#	CM_W
2006	7	2	0.3931	0.2668	#	CM_W
2007	7	8	0.8566	0.1478	#	CM_W_IFQ
2008	7	8	1.1096	0.1383	#	CM_W_IFQ
2009	7	8	1.3222	0.1337	#	CM_W_IFQ
2010	7	8	0.9995	0.1401	#	CM_W_IFQ
2011	7	8	1.412	0.1341	#	CM_W_IFQ
2012	7	8	0.8371	0.1301	#	CM_W_IFQ
2013	7	8	0.7096	0.1389	#	CM_W_IFQ
2014	7	8	0.7534	0.1393	#	CM_W_IFQ
1986	7	5	0.9458	0.2833	#	HB_E
1987	7	5	0.9618	0.2746	#	HB_E
1988	7	5	2.2947	0.188	#	HB_E
1989	7	5	1.3563	0.19	#	HB_E
1990	7	5	1.6752	0.1745	#	HB_E
1991	7	5	1.8035	0.1713	#	HB_E
1992	7	5	2.6598	0.1575	#	HB_E
1993	7	5	1.634	0.168	#	HB_E
1994	7	5	1.8505	0.1699	#	HB_E
1995	7	5	1.5456	0.1814	#	HB_E
1996	7	5	0.8898	0.1927	#	HB_E
1997	7	5	0.7708	0.1986	#	HB_E
1998	7	5	0.1785	0.2171	#	HB_E
1999	7	5	0.4144	0.2306	#	HB_E
2000	7	5	0.3449	0.2172	#	HB_E
2001	7	5	0.4242	0.2103	#	HB_E
2002	7	5	0.4593	0.2096	#	HB_E
2003	7	5	0.5558	0.2072	#	HB_E
2004	7	5	0.6248	0.2004	#	HB_E
2005	7	5	0.7951	0.2031	#	HB_E
2006	7	5	0.5359	0.2199	#	HB_E
2007	7	5	0.3547	0.2292	#	HB_E
2008	7	5	0.546	0.1973	#	HB_E
2009	7	5	0.6417	0.1957	#	HB_E
2010	7	5	0.7369	0.2119	#	HB_E
2011	7	5	0.8089	0.1934	#	HB_E
2012	7	5	0.5457	0.1889	#	HB_E
2013	7	5	0.6817	0.1558	#	HB_E
2014	7	5	0.6773	0.1626	#	HB_E
1986	7	6	1.781	0.1941	#	HB_W
1987	7	6	1.3278	0.2132	#	HB_W
1988	7	6	0.9853	0.1962	#	HB_W
1989	7	6	1.3234	0.1829	#	HB_W
1990	7	6	1.638	0.1936	#	HB_W
1991	7	6	1.0001	0.1817	#	HB_W
1992	7	6	0.9185	0.1657	#	HB_W
1993	7	6	1.181	0.1618	#	HB_W
1994	7	6	1.1146	0.1618	#	HB_W
1995	7	6	1.175	0.1705	#	HB_W
1996	7	6	0.8215	0.2166	#	HB_W
1997	7	6	0.6935	0.1771	#	HB_W
1998	7	6	0.7897	0.2009	#	HB_W
1999	7	6	0.7553	0.1962	#	HB_W
2000	7	6	0.5379	0.1892	#	HB_W
2001	7	6	0.8922	0.1745	#	HB_W
2002	7	6	1.0606	0.1763	#	HB_W
2003	7	6	0.6471	0.172	#	HB_W
2004	7	6	1.0959	0.169	#	HB_W
2005	7	6	1.2798	0.1857	#	HB_W
2006	7	6	0.7164	0.1782	#	HB_W
2007	7	6	1.5745	0.2922	#	HB_W
2008	7	6	0.3148	0.2247	#	HB_W
2009	7	6	0.2774	0.2115	#	HB_W
2010	7	6	1.0988	0.2188	#	HB_W
2011	7	6	1.2966	0.2481	#	HB_W
2012	7	6	0.8709	0.219	#	HB_W
2013	7	6	0.5993	0.3181	#	HB_W
2014	7	6	0.6155	0.1089	#	HB_W
1986	7	3	2.649	0.1737	#	REC
1987	7	3	1.1714	0.2885	#	REC
1988	7	3	1.27	0.2547	#	REC
1989	7	3	0.9305	0.3932	#	REC
1990	7	3	2.683	0.3005	#	REC
1991	7	3	1.7726	0.2255	#	REC
1992	7	3	1.726	0.1667	#	REC
1993	7	3	1.8783	0.2122	#	REC
1994	7	3	1.4905	0.2743	#	REC
1995	7	3	2.033	0.2988	#	REC
1996	7	3	0.9921	0.3406	#	REC
1997	7	3	0.4641	0.2449	#	REC
1998	7	3	0.3935	0.2212	#	REC
1999	7	3	0.409	0.1557	#	REC
2000	7	3	0.346	0.1583	#	REC
2001	7	3	0.3937	0.1578	#	REC
2002	7	3	0.3061	0.1607	#	REC
2003	7	3	0.376	0.1468	#	REC
2004	7	3	0.5241	0.1111	#	REC
2005	7	3	0.5945	0.1228	#	REC
2006	7	3	0.5982	0.1368	#	REC
2007	7	3	0.3907	0.1628	#	REC
2008	7	3	0.4654	0.1697	#	REC
2009	7	3	0.6945	0.166	#	REC
2010	7	3	0.4479	0.1737	#	REC
2011	7	3	0.9614	0.1159	#	REC
2012	7	3	0.4816	0.1411	#	REC
2013	7	3	0.5999	0.1919	#	REC
2014	7	3	0.9535	0.1342	#	REC
1950	7	4	0.1946	0.2	#	SMP_BYC
1951	7	4	0.2654	0.2	#	SMP_BYC
1952	7	4	0.3135	0.2	#	SMP_BYC
1953	7	4	0.3295	0.2	#	SMP_BYC
1954	7	4	0.4272	0.2	#	SMP_BYC
1955	7	4	0.4453	0.2	#	SMP_BYC
1956	7	4	0.5693	0.2	#	SMP_BYC
1957	7	4	0.6517	0.2	#	SMP_BYC
1958	7	4	0.7981	0.2	#	SMP_BYC
1959	7	4	0.8603	0.2	#	SMP_BYC
1960	7	4	0.8601	0.2	#	SMP_BYC
1961	7	4	0.6515	0.2	#	SMP_BYC
1962	7	4	0.6273	0.2	#	SMP_BYC
1963	7	4	0.7151	0.2	#	SMP_BYC
1964	7	4	0.7553	0.2	#	SMP_BYC
1965	7	4	0.8383	0.2	#	SMP_BYC
1966	7	4	0.825	0.2	#	SMP_BYC
1967	7	4	0.8986	0.2	#	SMP_BYC
1968	7	4	0.9131	0.2	#	SMP_BYC
1969	7	4	1.0376	0.2	#	SMP_BYC
1970	7	4	0.9776	0.2	#	SMP_BYC
1971	7	4	0.9322	0.2	#	SMP_BYC
1972	7	4	0.9284	0.2	#	SMP_BYC
1973	7	4	0.9345	0.2	#	SMP_BYC
1974	7	4	0.93	0.2	#	SMP_BYC
1975	7	4	0.9356	0.2	#	SMP_BYC
1976	7	4	0.9706	0.2	#	SMP_BYC
1977	7	4	1.0631	0.2	#	SMP_BYC
1978	7	4	1.1238	0.2	#	SMP_BYC
1979	7	4	1.1781	0.2	#	SMP_BYC
1980	7	4	1.2093	0.2	#	SMP_BYC
1981	7	4	1.1567	0.2	#	SMP_BYC
1982	7	4	1.0675	0.2	#	SMP_BYC
1983	7	4	1.1156	0.2	#	SMP_BYC
1984	7	4	1.2781	0.2	#	SMP_BYC
1985	7	4	1.2111	0.2	#	SMP_BYC
1986	7	4	1.404	0.2	#	SMP_BYC
1987	7	4	1.2683	0.2	#	SMP_BYC
1988	7	4	1.0958	0.2	#	SMP_BYC
1989	7	4	1.1217	0.2	#	SMP_BYC
1990	7	4	1.034	0.2	#	SMP_BYC
1991	7	4	1.0755	0.2	#	SMP_BYC
1992	7	4	1.322	0.2	#	SMP_BYC
1993	7	4	1.0858	0.2	#	SMP_BYC
1994	7	4	1.147	0.2	#	SMP_BYC
1995	7	4	1.2981	0.2	#	SMP_BYC
1996	7	4	1.5618	0.2	#	SMP_BYC
1997	7	4	1.5546	0.2	#	SMP_BYC
1998	7	4	1.9399	0.2	#	SMP_BYC
1999	7	4	1.1831	0.2	#	SMP_BYC
2000	7	4	0.9623	0.2	#	SMP_BYC
2001	7	4	1.1215	0.2	#	SMP_BYC
2002	7	4	1.3671	0.2	#	SMP_BYC
2003	7	4	1.182	0.2	#	SMP_BYC
2004	7	4	1.2144	0.2	#	SMP_BYC
2005	7	4	0.9366	0.2	#	SMP_BYC
2006	7	4	0.5539	0.2	#	SMP_BYC
2007	7	4	0.3647	0.2	#	SMP_BYC
2008	7	4	0.2825	0.2	#	SMP_BYC
2009	7	4	0.4632	0.2	#	SMP_BYC
2010	7	4	0.3523	0.2	#	SMP_BYC
2011	7	4	0.3614	0.2	#	SMP_BYC
2012	7	4	0.3081	0.2	#	SMP_BYC
2013	7	4	0.342	0.2	#	SMP_BYC
2014	7	4	0.2674	0.2	#	SMP_BYC
1986	7	9	0.50284	0.292289	#	LARVAL
1987	7	9	1.18459	0.1898	#	LARVAL
1990	7	9	0.8	0.223037	#	LARVAL
1991	7	9	1.57023	0.203374	#	LARVAL
1993	7	9	0.57312	0.204895	#	LARVAL
1994	7	9	0.92934	0.185108	#	LARVAL
1995	7	9	0.616	0.213673	#	LARVAL
1996	7	9	0.85945	0.192056	#	LARVAL
1997	7	9	0.93643	0.174974	#	LARVAL
1999	7	9	0.62495	0.217761	#	LARVAL
2000	7	9	0.74864	0.20397	#	LARVAL
2001	7	9	0.83615	0.1994	#	LARVAL
2003	7	9	1.31337	0.182006	#	LARVAL
2006	7	9	1.24663	0.189903	#	LARVAL
2007	7	9	1.57014	0.191591	#	LARVAL
2009	7	9	1.18862	0.192159	#	LARVAL
2010	7	9	1.13796	0.184689	#	LARVAL
2011	7	9	1.12178	0.178124	#	LARVAL
2012	7	9	1.23976	0.181191	#	LARVAL
1993	7	10	0.82455	0.333304	#	VIDEO
1994	7	10	2.21078	0.235948	#	VIDEO
1995	7	10	1.65847	0.29759	#	VIDEO
1996	7	10	0.27796	0.243776	#	VIDEO
1997	7	10	1.1912	0.175537	#	VIDEO
2002	7	10	0.39751	0.262284	#	VIDEO
2004	7	10	0.77195	0.241861	#	VIDEO
2005	7	10	0.62408	0.141802	#	VIDEO
2006	7	10	0.26325	0.197808	#	VIDEO
2007	7	10	0.21306	0.188254	#	VIDEO
2008	7	10	0.77278	0.168035	#	VIDEO
2009	7	10	1.21908	0.129648	#	VIDEO
2010	7	10	1.39669	0.159251	#	VIDEO
2011	7	10	1.5937	0.109495	#	VIDEO
2012	7	10	1.12444	0.154214	#	VIDEO
2013	7	10	0.79439	0.209765	#	VIDEO
2014	7	10	1.6661	0.151427	#	VIDEO
2009	7	11	0.84718	0.194867	#	SEAMAP
2010	7	11	0.73923	0.213204	#	SEAMAP
2011	7	11	1.60868	0.209274	#	SEAMAP
2012	7	11	1.24379	0.16906	#	SEAMAP
2013	7	11	0.85308	0.204136	#	SEAMAP
2014	7	11	0.70805	0.209459	#	SEAMAP
-9999 1 1 1 1 # terminator for survey observations 
#
1 #_N_fleets_with_discard
#_discard_units (1=same_as_catchunits(bio/num); 2=fraction; 3=numbers)
#_discard_errtype:  >0 for DF of T-dist(read CV below); 0 for normal with CV; -1 for normal with se; -2 for lognormal
#_Fleet units errtype
4 1 -2 # SMP_BYC
#_year seas fleet obs err
 1972 -7 4 3367.5 0.1 # SMP_BYC
 1973 7 -4 13620 0.5 # SMP_BYC
 1974 7 -4 3817 0.5 # SMP_BYC
 1975 7 -4 3482 0.5 # SMP_BYC
 1976 7 -4 1268 0.5 # SMP_BYC
 1977 7 -4 1424 0.5 # SMP_BYC
 1978 7 -4 9395 0.5 # SMP_BYC
 1979 7 -4 11060 0.5 # SMP_BYC
 1980 7 -4 863.3 0.5 # SMP_BYC
 1981 7 -4 7996 0.5 # SMP_BYC
 1982 7 -4 2754 0.5 # SMP_BYC
 1983 7 -4 3259 0.5 # SMP_BYC
 1984 7 -4 7928 0.5 # SMP_BYC
 1985 7 -4 7001 0.5 # SMP_BYC
 1986 7 -4 16650 0.5 # SMP_BYC
 1987 7 -4 22810 0.5 # SMP_BYC
 1988 7 -4 7748 0.5 # SMP_BYC
 1989 7 -4 12000 0.5 # SMP_BYC
 1990 7 -4 16870 0.5 # SMP_BYC
 1991 7 -4 40170 0.5 # SMP_BYC
 1992 7 -4 5483 0.5 # SMP_BYC
 1993 7 -4 1503 0.5 # SMP_BYC
 1994 7 -4 1303 0.5 # SMP_BYC
 1995 7 -4 11400 0.5 # SMP_BYC
 1996 7 -4 6260 0.5 # SMP_BYC
 1997 7 -4 10540 0.5 # SMP_BYC
 1998 7 -4 62600 0.5 # SMP_BYC
 1999 7 -4 23250 0.5 # SMP_BYC
 2000 7 -4 22170 0.5 # SMP_BYC
 2001 7 -4 19560 0.5 # SMP_BYC
 2002 7 -4 3916 0.5 # SMP_BYC
 2003 7 -4 24270 0.5 # SMP_BYC
 2004 7 -4 1552 0.5 # SMP_BYC
 2005 7 -4 1357 0.5 # SMP_BYC
 2006 7 -4 8369 0.5 # SMP_BYC
 2007 7 -4 9388 0.5 # SMP_BYC
 2008 7 -4 799.3 0.5 # SMP_BYC
 2009 7 -4 1077 0.5 # SMP_BYC
 2010 7 -4 732.5 0.5 # SMP_BYC
 2011 7 -4 1465 0.5 # SMP_BYC
 2012 7 -4 396.2 0.5 # SMP_BYC
 2013 7 -4 298.2 0.5 # SMP_BYC
 2014 -7 -4 339.3 0.5 # SMP_BYC
 -9999 0 0 0 0 # terminator for discard data 
#
0 #_N_meanbodywt_obs
#_COND_0 #_DF_for_meanbodysize_T-distribution_like
# note:  type=1 for mean length; type=2 for mean body weight 
#_yr month fleet part type obs stderr
#  -9999 0 0 0 0 0 0 # terminator for mean body size data 
#
# set up population length bin structure (note - irrelevant if not using size data and using empirical wtatage
1 # length bin method: 1=use databins; 2=generate from binwidth,min,max below; 3=read vector
# no additional input for option 1
# read binwidth, minsize, lastbin size for option 2
# read N poplen bins, then vector of bin lower boundaries, for option 3
1 # use length composition data (0/1)
#_mintailcomp: upper and lower distribution for females and males separately are accumulated until exceeding this level.
#_addtocomp:  after accumulation of tails; this value added to all bins
#_males and females treated as combined gender below this bin number 
#_compressbins: accumulate upper tail by this number of bins; acts simultaneous with mintailcomp; set=0 for no forced accumulation
#_Comp_Error:  0=multinomial, 1=dirichlet
#_Comp_Error2:  parm number  for dirichlet
#_minsamplesize: minimum sample size; set to 1 to match 3.24, minimum value is 0.001
#_mintailcomp	addtocomp	combM+F	CompressBins	CompError	ParmSelect	minsamplesize
0.0001	1.00E-07	0	0	0	0	1
0.0001	1.00E-07	0	0	0	0	1
0.0001	1.00E-07	0	0	0	0	1
0.0001	1.00E-07	0	0	0	0	1
0.0001	1.00E-07	0	0	0	0	1
0.0001	1.00E-07	0	0	0	0	1
0.0001	1.00E-07	0	0	0	0	1
0.0001	1.00E-07	0	0	0	0	1
0.0001	1.00E-07	0	0	0	0	1
0.0001	1.00E-07	0	0	0	0	1
0.0001	1.00E-07	0	0	0	0	1
# sex codes:  0=combined; 1=use female only; 2=use male only; 3=use both as joint sexxlength distribution
# partition codes:  (0=combined; 1=discard; 2=retained
12 #_N_LengthBins
 1 5 10 15 20 25 30 35 40 45 50 55
#Yr Seas Flt/Svy Gender Part Nsamp datavector(female-male)
 2009 7 11 0 2 6.22886 0.310073 0.0518231 0.213719 0.282817 0.135187 0.00638104 0 0 0 0 0 0
 2010 7 11 0 2 7.15957 0.0388643 0.0286873 0.166888 0.493019 0.263692 0.00884956 0 0 0 0 0 0
 2011 7 11 0 2 12.4232 0 0 0.251729 0.441616 0.229948 0.0734659 0.00324114 0 0 0 0 0
 2012 7 11 0 2 9.34591 0.0356828 0.140749 0.585639 0.137291 0.0764097 0.023348 0.000881057 0 0 0 0 0
 2013 7 11 0 2 35.5048 0.0191304 0.0167391 0.432772 0.387228 0.127609 0.0154348 0 0.00108696 0 0 0 0
 2014 7 11 0 2 20.7009 0.00352734 0.0246914 0.259083 0.37478 0.322046 0.015873 0 0 0 0 0 0
 1995 7 10 0 2 20.8442 0 0 0 0 0.212766 0.425532 0.212766 0.148936 0 0 0 0
 1996 7 10 0 2 28.6674 0 0 0.0204082 0.0544218 0.14966 0.326531 0.292517 0.14966 0.00680272 0 0 0
 1997 7 10 0 2 73.9142 0 0 0.00917431 0.165138 0.311927 0.247706 0.137615 0.0917431 0.0275229 0 0 0.00917431
 2002 7 10 0 2 100 0 0 0.00434783 0.125 0.320652 0.283696 0.16413 0.0641304 0.0304348 0.00652174 0 0.00108696
 2004 7 10 0 2 70.4958 0 0 0.0194805 0.0649351 0.337662 0.324675 0.155844 0.0649351 0.012987 0.012987 0 0.00649351
 2005 7 10 0 2 100 0 0 0.00862069 0.0956897 0.224138 0.309483 0.189655 0.0810345 0.0560345 0.0241379 0.0103448 0.000862069
 2006 7 10 0 2 63.6744 0 0 0.0287648 0.194585 0.309645 0.27242 0.130288 0.0423012 0.0135364 0.00846024 0 0
 2007 7 10 0 2 16.6698 0 0 0.00271003 0.0311653 0.226287 0.440379 0.169377 0.0636856 0.0542005 0.0108401 0 0.00135501
 2008 7 10 0 2 37.391 0 0 0 0.0285714 0.271429 0.385714 0.214286 0.0714286 0.0142857 0.0142857 0 0
 2009 7 10 0 2 42.531 0 0 0 0.104478 0.358209 0.350746 0.141791 0.0298507 0 0.00746269 0.00746269 0
 2010 7 10 0 2 10.7274 0 0 0.0495049 0.267327 0.108911 0.128713 0.247525 0.138614 0.0594059 0 0 0
 2011 7 10 0 2 16.2545 0 0.0725076 0.169184 0.0241692 0.138973 0.247734 0.148036 0.102719 0.0483384 0.0151057 0.0241692 0.00906344
 2012 7 10 0 2 30.077 0 0 0.0333333 0.28 0.266667 0.253333 0.0933333 0.0266667 0.04 0.00666667 0 0
 2013 7 10 0 2 28.4509 0 0 0.147541 0.0819672 0.254098 0.188525 0.213115 0.0737705 0.0245902 0.0163934 0 0
-9999 0 0 0 0 0 0 0 0 0 0 0 0 0 0 0 0 0
#
14 #_N_age_bins
 1 2 3 4 5 6 7 8 9 10 11 12 13 14
1 #_N_ageerror_definitions
 0.5 1.5 2.5 3.5 4.5 5.5 6.5 7.5 8.5 9.5 10.5 11.5 12.5 13.5 14.5
 0.001 0.001 0.001 0.001 0.001 0.001 0.001 0.001 0.001 0.001 0.001 0.001 0.001 0.001 0.001
#_mintailcomp: upper and lower distribution for females and males separately are accumulated until exceeding this level.
#_addtocomp:  after accumulation of tails; this value added to all bins
#_males and females treated as combined gender below this bin number 
#_compressbins: accumulate upper tail by this number of bins; acts simultaneous with mintailcomp; set=0 for no forced accumulation
#_Comp_Error:  0=multinomial, 1=dirichlet
#_Comp_Error2:  parm number  for dirichlet
#_minsamplesize: minimum sample size; set to 1 to match 3.24, minimum value is 0.001
#_mintailcomp	addtocomp	combM+F	CompressBins	CompError	ParmSelect	minsamplesize
0.0001	1.00E-07	0	0	0	0	1
0.0001	1.00E-07	0	0	0	0	1
0.0001	1.00E-07	0	0	0	0	1
0.0001	1.00E-07	0	0	0	0	1
0.0001	1.00E-07	0	0	0	0	1
0.0001	1.00E-07	0	0	0	0	1
0.0001	1.00E-07	0	0	0	0	1
0.0001	1.00E-07	0	0	0	0	1
0.0001	1.00E-07	0	0	0	0	1
0.0001	1.00E-07	0	0	0	0	1
0.0001	1.00E-07	0	0	0	0	1
2 #_Lbin_method: 1=poplenbins; 2=datalenbins; 3=lengths
#Yr Seas Flt/Svy Gender Part Ageerr Lbin_lo Lbin_hi Nsamp datavector(female-male)
 1995 7 1 0 2 1 -1 -1 1.61009 0 0.7485 0.0257 0.049 0.0747 0.0747 0.0091 0 0.0091 0 0 0.0091 0 0
 1998 7 1 0 2 1 -1 -1 6.09799 0.168 0.3432 0.3427 0.0491 0.0622 0.0143 0 0 0 0.002 0.0041 0.0144 0 0
 2000 7 1 0 2 1 -1 -1 10.8785 0 0.0248 0.158 0.1267 0.1005 0.0288 0.0364 0.0734 0.0339 0.1527 0.2173 0.0213 0.0211 0.0051
 2001 7 1 0 2 1 -1 -1 63.4352 0 0.0636 0.2225 0.2063 0.1893 0.1122 0.0693 0.0502 0.0249 0.0294 0.0082 0.012 0.0088 0.0035
 2002 7 1 0 2 1 -1 -1 71.8679 0.0057 0.1979 0.3807 0.1253 0.0926 0.0675 0.0456 0.0405 0.015 0.0073 0.0122 0.0045 0.0017 0.0035
 2003 7 1 0 2 1 -1 -1 34.03 0.0005 0.0463 0.225 0.3708 0.1359 0.0612 0.0791 0.038 0.023 0.0061 0.0055 0.0051 0.0022 0.0015
 2004 7 1 0 2 1 -1 -1 52.6615 0 0.0366 0.2292 0.2613 0.21 0.0824 0.0703 0.0509 0.0318 0.012 0.0033 0.0068 0.003 0.0024
 2005 7 1 0 2 1 -1 -1 85.572 0 0.0607 0.2389 0.2307 0.2094 0.1019 0.0439 0.0423 0.0308 0.0136 0.0145 0.0117 0 0.0016
 2006 7 1 0 2 1 -1 -1 100 0 0.0975 0.2928 0.2159 0.1963 0.1003 0.0482 0.0184 0.011 0.0125 0.0031 0.0041 0 0
 2007 7 1 0 2 1 -1 -1 100 0.0101 0.1305 0.2372 0.221 0.1694 0.0926 0.0443 0.0443 0.0185 0.0127 0.0032 0.0064 0.0069 0.0027
 2008 7 1 0 2 1 -1 -1 100 0 0.0865 0.2864 0.1769 0.1393 0.1255 0.0801 0.0387 0.0332 0.0123 0.0129 0.0057 0.0011 0.0016
 2009 7 1 0 2 1 -1 -1 100 0 0.0956 0.3744 0.238 0.1059 0.0607 0.0466 0.038 0.0166 0.0115 0.0072 0.0029 0.0004 0.0023
 2010 7 1 0 2 1 -1 -1 49.4867 0.0009 0.0281 0.2622 0.3769 0.0532 0.0625 0.0495 0.0744 0.046 0.0258 0.0132 0.0058 0 0.0015
 2011 7 1 0 2 1 -1 -1 30.7429 0.0107 0.0404 0.1203 0.2271 0.234 0.1423 0.0689 0.0638 0.0362 0.0242 0.0131 0.0079 0.006 0.0051
 2012 7 1 0 2 1 -1 -1 43.826 0.0021 0.1362 0.1737 0.1283 0.1581 0.168 0.1199 0.0355 0.0314 0.0086 0.0133 0.0053 0.0058 0.0137
 2013 7 1 0 2 1 -1 -1 100 0.002 0.1053 0.3692 0.131 0.0814 0.0922 0.113 0.0577 0.0204 0.0107 0.0066 0.0033 0.0047 0.0025
 2014 7 1 0 2 1 -1 -1 44.59 0 0.0772 0.2765 0.1661 0.0895 0.0635 0.0609 0.0838 0.0745 0.0322 0.0392 0.0078 0.016 0.0127
 1994 7 2 0 2 1 -1 -1 5.27232 0 0 0.0593 0.1186 0.5439 0.073 0 0.0593 0 0.073 0.073 0 0 0
 1995 7 2 0 2 1 -1 -1 10.375 0 0.2252 0.1572 0.242 0.282 0.0587 0.0208 0 0.0067 0.0075 0 0 0 0
 2000 7 2 0 2 1 -1 -1 44.6946 0 0 0.193 0.1667 0.224 0.138 0.1047 0.0333 0.107 0 0 0 0 0.0333
 2001 7 2 0 2 1 -1 -1 44.4405 0 0.0174 0.115 0.16 0.1318 0.1244 0.0523 0.1068 0.0089 0.0942 0.0292 0 0.0244 0.1356
 2002 7 2 0 2 1 -1 -1 23.5997 0 0.0778 0.3128 0.108 0.0701 0.0979 0.0991 0.0363 0.0422 0.025 0.0301 0.0371 0.0152 0.0482
 2003 7 2 0 2 1 -1 -1 42.4887 0 0.015 0.0895 0.4413 0.1524 0.0771 0.0608 0.0516 0.0375 0.0154 0.0255 0.0174 0.0072 0.0094
 2004 7 2 0 2 1 -1 -1 100 0.0032 0.0193 0.1183 0.2094 0.2788 0.1098 0.0738 0.0401 0.054 0.0317 0.0097 0.0178 0.0141 0.0203
 2005 7 2 0 2 1 -1 -1 24.7596 0.0031 0.1074 0.1369 0.1024 0.2689 0.196 0.0507 0.0297 0.0359 0.0258 0.0184 0.0073 0.0046 0.0128
 2006 7 2 0 2 1 -1 -1 19.336 0 0.0471 0.2632 0.2058 0.0913 0.2082 0.0883 0.0154 0.0184 0.0153 0.0196 0.0098 0.0035 0.014
 2007 7 2 0 2 1 -1 -1 100 0 0.0195 0.1062 0.2193 0.1918 0.145 0.1295 0.0903 0.0411 0.0203 0.0174 0.0077 0.0027 0.0091
 2008 7 2 0 2 1 -1 -1 88.5484 0 0.014 0.0628 0.1161 0.2083 0.1935 0.1418 0.0809 0.0781 0.0392 0.0228 0.0109 0.0128 0.0187
 2009 7 2 0 2 1 -1 -1 100 0 0.0186 0.1654 0.2409 0.1675 0.1269 0.074 0.0567 0.0428 0.0465 0.0237 0.0072 0.0104 0.0194
 2010 7 2 0 2 1 -1 -1 100 0.0035 0.0105 0.1028 0.3706 0.1664 0.1072 0.0902 0.0487 0.0222 0.021 0.0235 0.0093 0.0043 0.0199
 2011 7 2 0 2 1 -1 -1 33.6065 0.0309 0.0438 0.0998 0.1529 0.1956 0.1347 0.1045 0.0761 0.0308 0.04 0.0327 0.0227 0.008 0.0275
 2012 7 2 0 2 1 -1 -1 50.6538 0.0035 0.009 0.0508 0.1526 0.145 0.2063 0.1304 0.0795 0.0691 0.0534 0.0317 0.0184 0.0231 0.0272
 2013 7 2 0 2 1 -1 -1 26.2352 0 0.0205 0.0779 0.089 0.1722 0.0618 0.176 0.1074 0.0599 0.0641 0.0432 0.0499 0.0254 0.0529
 2014 7 2 0 2 1 -1 -1 17.8966 0.003 0.0468 0.0983 0.113 0.0857 0.1165 0.0882 0.0838 0.0858 0.0655 0.0554 0.0438 0.0274 0.0868
 1994 7 3 0 2 1 -1 -1 100 0 0 0.2034 0.2502 0.1995 0.1606 0.0896 0.0725 0.0242 0 0 0 0 0
 1995 7 3 0 2 1 -1 -1 3.47009 0 0 0.6038 0 0.241 0.0347 0.1205 0 0 0 0 0 0 0
 1996 7 3 0 2 1 -1 -1 100 0.0044 0.0755 0.1925 0.1853 0.2018 0.1661 0.0612 0.0503 0.0207 0.0354 0.004 0.001 0.0019 0
 1997 7 3 0 2 1 -1 -1 10.4453 0 0.295 0.0697 0.2112 0.1007 0.1433 0.1029 0.0138 0.0634 0 0 0 0 0
 1998 7 3 0 2 1 -1 -1 18.1573 0 0.0282 0.3692 0.3197 0.1276 0.0282 0.0777 0.0495 0 0 0 0 0 0
 1999 7 3 0 2 1 -1 -1 16.5267 0.0313 0.2138 0.2872 0.1785 0.0888 0.0502 0.0377 0.0792 0.0193 0.0089 0.0018 0.0015 0.0018 0
 2000 7 3 0 2 1 -1 -1 100 0 0.0314 0.1928 0.2297 0.2234 0.1178 0.0594 0.0692 0.0373 0.0301 0.0036 0.002 0 0.0034
 2001 7 3 0 2 1 -1 -1 8.75311 0 0.044 0.0429 0.1352 0.3798 0.1166 0.1308 0.0496 0.0133 0.053 0.018 0.0129 0.004 0
 2002 7 3 0 2 1 -1 -1 24.4492 0 0.0809 0.2409 0.0991 0.1722 0.1218 0.1475 0.0794 0.0276 0.0083 0.0056 0.009 0.0076 0
 2003 7 3 0 2 1 -1 -1 31.8743 0 0.149 0.1446 0.3502 0.0893 0.1065 0.101 0.0294 0.0246 0.0055 0 0 0 0
 2004 7 3 0 2 1 -1 -1 8.44696 0 0 0.0608 0.2941 0.4373 0.0702 0.0893 0.0127 0.0122 0.0215 0.0018 0 0 0
 2005 7 3 0 2 1 -1 -1 53.4882 0 0.1373 0.2925 0.2312 0.1854 0.0805 0.0227 0.0222 0.0017 0.0073 0.0191 0 0 0
 2006 7 3 0 2 1 -1 -1 100 0 0.0753 0.1769 0.2743 0.2267 0.103 0.0992 0.0142 0.0223 0.008 0 0 0 0
 2007 7 3 0 2 1 -1 -1 100 0 0.0543 0.1907 0.3175 0.1832 0.1175 0.0496 0.0365 0.029 0.0121 0.0041 0.0022 0.0007 0.0026
 2008 7 3 0 2 1 -1 -1 56.4454 0.003 0.081 0.1818 0.1624 0.1697 0.1685 0.1253 0.0506 0.0356 0.0092 0.0061 0.0025 0.0006 0.0037
 2009 7 3 0 2 1 -1 -1 100 0.0017 0.1097 0.3717 0.1956 0.1337 0.0844 0.0518 0.025 0.017 0.0052 0.0023 0.0015 0.0003 0
 2010 7 3 0 2 1 -1 -1 25.3636 0.0058 0.0532 0.3978 0.3623 0.0713 0.0519 0.0314 0.0145 0.0069 0.0024 0.0013 0 0 0.0014
 2011 7 3 0 2 1 -1 -1 60.5778 0.0046 0.054 0.1741 0.2292 0.2547 0.1941 0.047 0.0281 0.005 0.0049 0.0027 0.0015 0 0
 2012 7 3 0 2 1 -1 -1 100 0.0017 0.1251 0.2373 0.2475 0.1193 0.1505 0.0663 0.0194 0.0185 0.0084 0.0025 0.0016 0.0014 0.0006
 2013 7 3 0 2 1 -1 -1 100 0.005 0.1036 0.3363 0.2234 0.1562 0.0675 0.0652 0.0209 0.0103 0.007 0.0029 0.0006 0.0012 0
 2014 7 3 0 2 1 -1 -1 83.9765 0.0007 0.0832 0.3781 0.2531 0.0843 0.0846 0.0329 0.044 0.0243 0.0049 0.0055 0.0017 0.0009 0.0019
-9999 0 0 0 0 0 0 0 0 0 0 0 0 0 0 0 0 0 0 0 0 0 0
#
0 #_Use_MeanSize-at-Age_obs (0/1)
#
0 #_N_environ_variables
#Yr Variable Value
#
0 # N sizefreq methods to read 
#
0 # do tags (0/1)
#
0 #    morphcomp data(0/1) 
#  Nobs, Nmorphs, mincomp
#  yr, seas, type, partition, Nsamp, datavector_by_Nmorphs
#
0  #  Do dataread for selectivity priors(0/1)
# Yr, Seas, Fleet,  Age/Size,  Bin,  selex_prior,  prior_sd
# feature not yet implemented
#
999

ENDDATA
