ParName   Value   Gradient
SR_parm[1]      10.0694 -5.2278e-005
SR_parm[2]      0.65015 -2.49106e-006
SR_parm[3]      0.23473 1.89424e-007
recdev1(1994)    -0.306956 -4.53967e-007
recdev1(1995)      -0.1313 -2.14854e-007
recdev1(1996)   -0.0858481 -1.03922e-006
recdev1(1997)  -0.00078832 -5.36989e-007
recdev1(1998)    -0.246144 6.57732e-007
recdev1(1999)     0.296353 -1.39924e-006
recdev1(2000)     0.180998 -5.79572e-007
recdev1(2001)     0.212291 6.43683e-007
recdev1(2002)      0.11848 -9.99523e-007
recdev1(2003)  0.000930452 -9.81653e-008
recdev1(2004)    -0.292547 2.59251e-007
recdev1(2005)     -0.13008   5.684e-007
recdev1(2006)     0.321041 8.75023e-007
recdev1(2007)  -0.00738111 1.80971e-007
recdev1(2008)    -0.127393 2.18013e-007
recdev1(2009)    -0.293122 6.03675e-007
recdev1(2010)    0.0617197 -7.41659e-007
recdev1(2011)     0.211671 8.12161e-007
recdev1(2012)     0.148138 9.46287e-009
recdev1(2013)      0.19305 5.43336e-007
recdev1(2014)    -0.123111 6.89446e-007
F_rate[1] 4.01243e-005 1.06402e-005
F_rate[2] 8.01019e-005 4.11362e-006
F_rate[3]  0.000121389 6.09812e-006
F_rate[4]  0.000163454 -1.01023e-006
F_rate[5]   0.00020717 1.87409e-006
F_rate[6]  0.000252273 -5.24726e-006
F_rate[7]   0.00029866 -4.35006e-006
F_rate[8]  0.000347349 -3.92017e-006
F_rate[9]  0.000398676 -1.40909e-006
F_rate[10]  0.000452685 -1.89339e-006
F_rate[11]  0.000510734 -1.54067e-006
F_rate[12]  0.000570938 3.41702e-007
F_rate[13]  0.000631676 -1.74665e-006
F_rate[14]  0.000689998 -5.67709e-006
F_rate[15]  0.000763622 -3.68828e-007
F_rate[16]  0.000767504 -9.84344e-007
F_rate[17]  0.000405406 1.06763e-007
F_rate[18]  0.000832874 -1.63537e-006
F_rate[19]   0.00167981 1.43264e-007
F_rate[20]   0.00217427 -2.50989e-006
F_rate[21]   0.00206309 -3.09935e-006
F_rate[22]   0.00229348 -1.08529e-006
F_rate[23]   0.00205517 -5.3024e-007
F_rate[24]   0.00351073 -1.45354e-006
F_rate[25]   0.00337108 -1.46571e-006
F_rate[26]   0.00743136 -1.66382e-006
F_rate[27]   0.00661389 -1.34753e-006
F_rate[28]   0.00909128 -1.23304e-006
F_rate[29]   0.00794462 -1.7137e-007
F_rate[30]   0.00616035 -1.49882e-006
F_rate[31]   0.00457738 -1.73224e-006
F_rate[32]   0.00674552 -6.96101e-007
F_rate[33]   0.00713525 -3.23602e-006
F_rate[34]    0.0114908 -3.12623e-006
F_rate[35]    0.0165832 -1.0884e-007
F_rate[36]    0.0218182 -5.06709e-007
F_rate[37]    0.0237475 1.98048e-007
F_rate[38]    0.0197443 -7.09224e-007
F_rate[39]    0.0194849 -7.27714e-007
F_rate[40]     0.019965 -1.34995e-006
F_rate[41]    0.0497911 -4.38161e-007
F_rate[42]    0.0428138 -2.64164e-007
F_rate[43]    0.0585299 4.56103e-007
F_rate[44]    0.0888096 -5.64499e-007
F_rate[45]    0.0950355 4.66802e-008
F_rate[46]     0.101771 -1.69862e-007
F_rate[47]    0.0858726 5.01215e-007
F_rate[48]    0.0852971 -3.17442e-007
F_rate[49]    0.0712369 6.29695e-007
F_rate[50]     0.086021 6.98065e-007
F_rate[51]    0.0674726 -1.44904e-006
F_rate[52]    0.0773085 6.70764e-007
F_rate[53]     0.088076 -2.59302e-006
F_rate[54]     0.098075 -5.70891e-007
F_rate[55]    0.0780022 7.05877e-007
F_rate[56]       0.0815 -4.90152e-007
F_rate[57]    0.0928594 -7.98377e-007
F_rate[58]     0.104242 1.97122e-007
F_rate[59]     0.159475 -1.57393e-007
F_rate[60]     0.231385 5.16361e-007
F_rate[61]     0.108317 2.28345e-007
F_rate[62]     0.211924 5.77614e-007
F_rate[63]     0.154358 -2.51391e-008
F_rate[64]    0.0817436 -1.08557e-006
F_rate[65]    0.0580705 6.77057e-008
F_rate[66] 3.53582e-005 3.12496e-005
F_rate[67] 7.08002e-005 6.39501e-006
F_rate[68]  0.000106581 2.09366e-006
F_rate[69]   0.00014321  -3.293e-006
F_rate[70]  0.000181069 -3.67898e-007
F_rate[71]  0.000220228 -1.64077e-006
F_rate[72]  0.000260718 -2.62536e-006
F_rate[73]   0.00030277 -2.1134e-006
F_rate[74]  0.000346668 6.44565e-006
F_rate[75]  0.000392922 -4.01582e-006
F_rate[76]  0.000442067 3.14885e-006
F_rate[77]   0.00049432 -5.25301e-007
F_rate[78]   0.00054891 2.22266e-006
F_rate[79]  0.000604001 -4.69126e-006
F_rate[80]   0.00064087 -1.85911e-006
F_rate[81]  0.000572815 -1.50282e-006
F_rate[82]  0.000185772  -7.216e-007
F_rate[83]  0.000445357 -8.44594e-006
F_rate[84]   0.00144184 -2.45327e-006
F_rate[85]  0.000789346 -2.26116e-006
F_rate[86]   0.00131511 -2.45294e-006
F_rate[87]   0.00144847 -9.73756e-008
F_rate[88]   0.00142662 -2.08728e-006
F_rate[89]   0.00171277 -1.39812e-007
F_rate[90]   0.00211361 -2.14429e-006
F_rate[91]   0.00350937 -1.5332e-006
F_rate[92]    0.0019704 -6.5415e-007
F_rate[93]    0.0064541 -1.62796e-006
F_rate[94]   0.00549094 -2.23743e-006
F_rate[95]   0.00753351 -1.54352e-006
F_rate[96]   0.00515136 -1.65154e-006
F_rate[97]   0.00407486 -2.41627e-006
F_rate[98]   0.00528868 -2.27642e-006
F_rate[99]   0.00599186 -3.32805e-006
F_rate[100]    0.0324326 -1.3715e-006
F_rate[101]    0.0295133 -1.95333e-007
F_rate[102]    0.0400136 -1.17099e-006
F_rate[103]    0.0462997 -7.82889e-007
F_rate[104]    0.0497464 -1.09012e-006
F_rate[105]    0.0540593 -4.12704e-007
F_rate[106]    0.0552917 -2.79862e-007
F_rate[107]    0.0497457 -1.25088e-006
F_rate[108]    0.0698801 1.04533e-006
F_rate[109]    0.0753411 -6.97303e-007
F_rate[110]    0.0860843 -6.48816e-007
F_rate[111]    0.0609795 -8.90549e-007
F_rate[112]    0.0666904 -1.69198e-006
F_rate[113]     0.119914 -5.05489e-007
F_rate[114]     0.109453 -4.62902e-007
F_rate[115]     0.145103 -1.64018e-007
F_rate[116]     0.105775 1.63985e-007
F_rate[117]     0.129016 -1.04601e-007
F_rate[118]     0.144602 -2.69075e-007
F_rate[119]     0.175275  4.9037e-009
F_rate[120]     0.164111 3.56567e-007
F_rate[121]     0.115839 1.01898e-006
F_rate[122]    0.0798533 -1.56964e-006
F_rate[123]     0.166047 -4.04781e-008
F_rate[124]     0.149312 -1.01778e-007
F_rate[125]     0.157526 -1.94646e-008
F_rate[126]     0.120066 7.38549e-007
F_rate[127]     0.105461 5.32281e-007
F_rate[128]     0.128733 -2.94311e-007
F_rate[129]    0.0786693 -2.37274e-007
F_rate[130]    0.0856248 -1.27536e-006
F_rate[131]  0.000161775 1.13638e-005
F_rate[132]  0.000325119 9.35378e-006
F_rate[133]  0.000492662 7.62874e-006
F_rate[134]   0.00066716 4.69824e-006
F_rate[135]  0.000847929 1.87594e-006
F_rate[136]   0.00103464  6.6901e-007
F_rate[137]   0.00122872 1.51648e-006
F_rate[138]   0.00143226 3.38991e-006
F_rate[139]    0.0016478 4.07843e-006
F_rate[140]    0.0018787 2.64616e-006
F_rate[141]   0.00212447 1.66757e-006
F_rate[142]   0.00238229 1.82102e-006
F_rate[143]   0.00263538  3.1254e-006
F_rate[144]   0.00287086 1.76246e-006
F_rate[145]   0.00309561 2.00114e-006
F_rate[146]   0.00333032 1.67846e-006
F_rate[147]   0.00357774 4.18083e-007
F_rate[148]   0.00383474 1.09347e-006
F_rate[149]   0.00410308 5.88886e-007
F_rate[150]    0.0043819  7.2042e-007
F_rate[151]   0.00467869 4.80107e-007
F_rate[152]    0.0049921 6.11783e-007
F_rate[153]   0.00530069 4.01739e-007
F_rate[154]   0.00559077 3.61035e-007
F_rate[155]   0.00587555  3.3248e-007
F_rate[156]   0.00617139 6.43839e-007
F_rate[157]   0.00647507 6.69933e-007
F_rate[158]   0.00679179 3.49239e-007
F_rate[159]   0.00713557 6.93144e-007
F_rate[160]   0.00749661 2.50955e-007
F_rate[161]   0.00787433 2.08468e-006
F_rate[162]   0.00831971 7.99349e-007
F_rate[163]     0.025966   4.556e-007
F_rate[164]   0.00762458 -1.43685e-007
F_rate[165]    0.0109493 -1.65655e-006
F_rate[166]    0.0195574 3.23019e-007
F_rate[167]    0.0493858 1.04893e-006
F_rate[168]    0.0547723 1.61475e-007
F_rate[169]    0.0776773  3.1014e-007
F_rate[170]    0.0503847 7.89264e-007
F_rate[171]    0.0687967 4.12635e-007
F_rate[172]    0.0720916 1.23763e-007
F_rate[173]    0.0937278 5.56635e-008
F_rate[174]    0.0889438 1.42434e-007
F_rate[175]    0.0811145  4.5236e-007
F_rate[176]     0.120125 1.93772e-006
F_rate[177]    0.0590366 1.88282e-007
F_rate[178]    0.0683861 2.84828e-007
F_rate[179]    0.0358047  1.2958e-007
F_rate[180]    0.0502426 -1.67323e-008
F_rate[181]    0.0399622 8.47364e-007
F_rate[182]    0.0725276 3.48228e-007
F_rate[183]    0.0555939 6.96874e-008
F_rate[184]    0.0592223 -1.81127e-007
F_rate[185]    0.0789418  1.3937e-007
F_rate[186]    0.0614339 1.40625e-006
F_rate[187]    0.0549484 6.26174e-007
F_rate[188]    0.0515009 2.72612e-007
F_rate[189]    0.0526054 2.82505e-007
F_rate[190]    0.0658917 -1.90854e-007
F_rate[191]    0.0388886 1.09124e-006
F_rate[192]     0.116348 1.81473e-007
F_rate[193]    0.0769821 1.01331e-007
F_rate[194]     0.130082 -5.70905e-008
F_rate[195]     0.100587 -5.46429e-007
F_rate[196]    0.0495517 6.79868e-009
F_rate[197]    0.0675821 -1.52173e-006
F_rate[198]    0.0798329 -7.51633e-007
F_rate[199]    0.0839095 3.64549e-007
F_rate[200]     0.108797 -7.40826e-008
F_rate[201]     0.113411 1.20921e-007
F_rate[202]     0.145008 6.61367e-008
F_rate[203]     0.166014 7.09747e-008
F_rate[204]     0.203343 -4.13461e-006
F_rate[205]     0.219222 3.71958e-007
F_rate[206]     0.219201 4.27956e-007
F_rate[207]     0.166026 5.09805e-007
F_rate[208]     0.159876 -6.94195e-007
F_rate[209]     0.182305 -1.56765e-007
F_rate[210]     0.192602 1.05643e-006
F_rate[211]      0.21385 -1.50579e-006
F_rate[212]      0.21051 3.96736e-007
F_rate[213]     0.229406 9.90902e-007
F_rate[214]     0.233204 -7.72382e-007
F_rate[215]     0.265227 -3.73396e-006
F_rate[216]     0.249987 1.46539e-006
F_rate[217]     0.238567 4.93391e-007
F_rate[218]     0.235581 -6.67682e-007
F_rate[219]     0.238398 -1.31284e-006
F_rate[220]     0.237475 1.37285e-006
F_rate[221]     0.239176 1.52479e-006
F_rate[222]     0.248505 1.64779e-006
F_rate[223]     0.271604 -1.93456e-006
F_rate[224]     0.287332 4.24295e-007
F_rate[225]      0.30109 -7.06849e-007
F_rate[226]      0.30892 -7.97078e-007
F_rate[227]     0.293777 1.96301e-006
F_rate[228]      0.26885 -8.4685e-007
F_rate[229]     0.276122 2.25888e-006
F_rate[230]     0.316215 -7.4742e-007
F_rate[231]     0.302807 1.17297e-006
F_rate[232]     0.340766 9.18527e-007
F_rate[233]     0.278585 1.11163e-006
F_rate[234]     0.246104 -5.95777e-007
F_rate[235]     0.247294 8.52362e-007
F_rate[236]     0.240766 1.22491e-006
F_rate[237]     0.258319 -6.15597e-007
F_rate[238]     0.337864 1.76682e-006
F_rate[239]     0.349179 -7.91125e-007
F_rate[240]     0.425456 -1.34735e-007
F_rate[241]     0.395612 -3.45404e-007
F_rate[242]     0.405048 1.04793e-006
F_rate[243]     0.407324  4.7373e-007
F_rate[244]     0.502264 5.62785e-007
F_rate[245]     0.318641 7.11437e-008
F_rate[246]     0.232331 3.05651e-007
F_rate[247]     0.267786 1.84905e-006
F_rate[248]     0.313846 2.31082e-006
F_rate[249]     0.282539 4.04794e-007
F_rate[250]     0.297461 -2.30231e-007
F_rate[251]     0.241649 1.11488e-006
F_rate[252]      0.14022 1.45254e-007
F_rate[253]    0.0881017 4.92081e-007
F_rate[254]    0.0694442 4.39096e-007
F_rate[255]     0.118418 7.24267e-007
F_rate[256]     0.093217 -2.13263e-007
F_rate[257]    0.0963015 8.79981e-007
F_rate[258]    0.0817708 4.26495e-007
F_rate[259]    0.0879994 -4.2688e-007
F_rate[260]    0.0677998 1.12178e-006
Q_parm[4]      1.36796 -9.72863e-008
selparm[1]       20.357 -1.20685e-006
selparm[2]      1.79088 -6.21104e-008
selparm[3]       1.7369  8.1318e-007
selparm[4]      1.09635 1.53344e-006
selparm[5]     -3.42483 3.16871e-007
selparm[6]      4.85659 8.76961e-007
selparm[7]      12.5003 -2.68375e-007
selparm[8]    -0.476458 -3.18521e-007
selparm[9]     0.702153 -4.21225e-007
selparm[10]      -3.9958 -1.50739e-008
selparm[11]     0.729845 -1.71413e-008
selparm[12]     -4.83633 1.58206e-008
selparm[13]      2.41819 1.42183e-006
selparm[14]     0.882264 -2.65195e-008
selparm[15]       3.8689 3.51994e-006
selparm[16]      1.79234 -7.50727e-007
selparm[17]       4.1979 -5.35727e-006
selparm[18]     0.168799 2.35563e-006
selparm[19]     0.745567 8.72951e-006
selparm[20]     -1.97959 4.49592e-007
selparm[21]     -13.8578 -4.72318e-007
selparm[22]     0.303062 7.21444e-007
selparm[29]      2.56229 9.70209e-007
selparm[30]     0.912112 -4.6643e-007
selparm[31]      4.11496 7.75934e-007
selparm[32]      1.58733 -6.44751e-007
