ParName   Value   Gradient
SR_parm[1]      10.0616 1.22295e-005
SR_parm[2]     0.648959  1.7546e-006
SR_parm[3]     0.230442 -3.96371e-007
recdev1(1994)    -0.290583 -3.96705e-007
recdev1(1995)    -0.105405 -8.01414e-007
recdev1(1996)   -0.0630039 -9.46278e-007
recdev1(1997)    0.0117554 -1.2627e-006
recdev1(1998)    -0.239855 -2.07688e-007
recdev1(1999)     0.297079 1.31631e-006
recdev1(2000)     0.188218 1.73537e-006
recdev1(2001)     0.228158  8.5404e-007
recdev1(2002)     0.118445 1.00395e-006
recdev1(2003)    0.0164075  5.6728e-007
recdev1(2004)    -0.267509 -3.46558e-007
recdev1(2005)    -0.106898 1.80666e-007
recdev1(2006)     0.340377 4.76767e-007
recdev1(2007)   0.00337737 1.01019e-007
recdev1(2008)    -0.127876 -1.8875e-006
recdev1(2009)    -0.295827 -1.34167e-006
recdev1(2010)    0.0615029 -1.49213e-006
recdev1(2011)      0.25151 -2.25719e-006
recdev1(2012)     0.124871 -1.97794e-006
recdev1(2013)     0.033579 -1.1104e-006
recdev1(2014)    -0.178323 -1.08022e-006
F_rate[1] 4.04812e-005 2.12844e-005
F_rate[2] 8.08145e-005 -2.63366e-005
F_rate[3]  0.000122474 8.76832e-006
F_rate[4]  0.000164929 -1.43204e-005
F_rate[5]  0.000209062 -4.10922e-005
F_rate[6]  0.000254606  3.0764e-005
F_rate[7]   0.00030146 -5.98495e-006
F_rate[8]  0.000350654 7.71127e-006
F_rate[9]  0.000402531 1.98988e-005
F_rate[10]  0.000457143 -5.12866e-006
F_rate[11]  0.000515868 -2.08758e-006
F_rate[12]   0.00057681 -1.00164e-005
F_rate[13]  0.000638321 -6.89855e-006
F_rate[14]  0.000697387 2.29883e-006
F_rate[15]  0.000771895 -4.62133e-006
F_rate[16]  0.000775909 -7.70257e-007
F_rate[17]  0.000409896 3.31816e-007
F_rate[18]  0.000842211 4.88451e-006
F_rate[19]    0.0016989 5.45395e-007
F_rate[20]   0.00219932 -1.24081e-006
F_rate[21]   0.00208719 1.04955e-006
F_rate[22]   0.00232067 -1.99847e-006
F_rate[23]    0.0020799 2.05295e-006
F_rate[24]   0.00355351 7.50068e-007
F_rate[25]   0.00341261 -3.85969e-006
F_rate[26]   0.00752399 3.00465e-007
F_rate[27]   0.00669731 3.42912e-006
F_rate[28]   0.00920729 -2.13455e-006
F_rate[29]   0.00804732 2.49097e-007
F_rate[30]   0.00624107 -3.42777e-006
F_rate[31]    0.0046382 -4.23965e-006
F_rate[32]   0.00683645 -2.95325e-006
F_rate[33]   0.00723427 -2.09396e-006
F_rate[34]    0.0116547 -1.05716e-006
F_rate[35]    0.0168282 7.31299e-007
F_rate[36]    0.0221599 -8.16674e-007
F_rate[37]    0.0241524 -3.33178e-007
F_rate[38]    0.0201127 -8.98389e-007
F_rate[39]    0.0198802 -2.72752e-006
F_rate[40]     0.020392 -1.8839e-006
F_rate[41]     0.050897 -5.66934e-007
F_rate[42]    0.0438185 -2.31677e-007
F_rate[43]    0.0599917 -2.12459e-007
F_rate[44]    0.0911969 -4.98697e-007
F_rate[45]    0.0978193 -2.27631e-007
F_rate[46]     0.105081 -1.39086e-006
F_rate[47]    0.0887947 -7.97092e-007
F_rate[48]    0.0881417 -7.81215e-007
F_rate[49]    0.0733876 -6.39714e-007
F_rate[50]    0.0883783 -9.26411e-007
F_rate[51]    0.0692161 -3.39723e-007
F_rate[52]    0.0793454 -7.87006e-007
F_rate[53]    0.0904479 -1.3285e-006
F_rate[54]     0.100644 -9.10247e-007
F_rate[55]     0.079999 -1.12161e-006
F_rate[56]    0.0836558 -2.73834e-007
F_rate[57]     0.095106 -5.9679e-007
F_rate[58]     0.106739    8.15e-007
F_rate[59]     0.162719 -1.32799e-007
F_rate[60]     0.235133 -7.03203e-007
F_rate[61]     0.109638 8.26783e-008
F_rate[62]     0.214938 2.54599e-007
F_rate[63]      0.15696 -3.59048e-007
F_rate[64]    0.0830963 -5.99273e-007
F_rate[65]    0.0585046 -9.64864e-009
F_rate[66]  3.5727e-005 1.54461e-005
F_rate[67] 7.15389e-005 3.96801e-005
F_rate[68]  0.000107692 3.21347e-005
F_rate[69]  0.000144704 1.37886e-005
F_rate[70]  0.000182967 -2.71009e-006
F_rate[71]  0.000222559 1.71256e-005
F_rate[72]  0.000263509 -9.37954e-007
F_rate[73]  0.000306048 2.75934e-005
F_rate[74]   0.00035047 -5.79614e-006
F_rate[75]  0.000397288 6.38163e-006
F_rate[76]  0.000447051 1.52099e-005
F_rate[77]  0.000499988 6.52143e-006
F_rate[78]  0.000555334 -1.10118e-006
F_rate[79]  0.000611232 2.22677e-006
F_rate[80]  0.000648706 -2.28926e-006
F_rate[81]   0.00057992 -5.81403e-006
F_rate[82]  0.000188098 8.00833e-007
F_rate[83]  0.000450984 -9.87081e-006
F_rate[84]   0.00146026 8.66174e-006
F_rate[85]  0.000799561 4.16919e-007
F_rate[86]   0.00133235 -6.4725e-006
F_rate[87]    0.0014677 1.53087e-006
F_rate[88]   0.00144581 -9.49976e-006
F_rate[89]   0.00173617 -1.28499e-006
F_rate[90]   0.00214292 1.49233e-006
F_rate[91]   0.00355873 1.91929e-006
F_rate[92]   0.00199849 6.28598e-006
F_rate[93]   0.00654735 -1.00165e-006
F_rate[94]   0.00557138 -1.03745e-006
F_rate[95]   0.00764512 3.84546e-006
F_rate[96]   0.00522845 2.35498e-006
F_rate[97]    0.0041365 6.27042e-006
F_rate[98]   0.00537088 -1.18679e-006
F_rate[99]   0.00608754 -3.45499e-007
F_rate[100]    0.0329674 1.17713e-006
F_rate[101]    0.0300292 -1.51023e-006
F_rate[102]    0.0407745 2.08771e-006
F_rate[103]    0.0472717 -2.94004e-006
F_rate[104]    0.0509008 1.27744e-007
F_rate[105]    0.0554116 1.54901e-006
F_rate[106]    0.0567682 1.06292e-006
F_rate[107]    0.0511667 -7.58503e-007
F_rate[108]     0.072024 7.49697e-007
F_rate[109]    0.0778761 4.83034e-007
F_rate[110]    0.0892563  4.1662e-007
F_rate[111]    0.0634586 -2.54654e-006
F_rate[112]    0.0695734  1.9596e-006
F_rate[113]     0.125234 9.93557e-007
F_rate[114]     0.114191 5.08095e-007
F_rate[115]     0.150943 2.69253e-007
F_rate[116]     0.109659 8.53537e-007
F_rate[117]     0.133502 7.40203e-007
F_rate[118]     0.149738 -1.00934e-006
F_rate[119]     0.181741 -1.38221e-006
F_rate[120]     0.170228 -1.50637e-009
F_rate[121]     0.120039 9.85282e-007
F_rate[122]    0.0826212 1.29247e-006
F_rate[123]     0.171911 7.06582e-007
F_rate[124]     0.154138 1.56873e-006
F_rate[125]     0.161941 -7.68283e-008
F_rate[126]     0.122699 8.83016e-007
F_rate[127]     0.107371  1.8898e-006
F_rate[128]     0.131267 2.04097e-007
F_rate[129]    0.0803608 9.53414e-007
F_rate[130]    0.0873585 1.04259e-006
F_rate[131]  0.000161642 -1.67073e-006
F_rate[132]  0.000324817 9.16054e-007
F_rate[133]  0.000492067 1.06392e-007
F_rate[134]  0.000666206 8.53564e-007
F_rate[135]  0.000846616 -2.21487e-007
F_rate[136]   0.00103292 3.70869e-007
F_rate[137]   0.00122649 -6.77538e-007
F_rate[138]   0.00142944  2.6384e-008
F_rate[139]   0.00164421 -5.62824e-007
F_rate[140]   0.00187434 4.59056e-007
F_rate[141]    0.0021194 -1.52909e-007
F_rate[142]   0.00237672 3.14714e-007
F_rate[143]      0.00263 -2.71398e-007
F_rate[144]   0.00286658 -3.29078e-007
F_rate[145]   0.00309231 2.80178e-007
F_rate[146]   0.00332757 -1.94859e-006
F_rate[147]   0.00357574 1.01298e-006
F_rate[148]   0.00383384 8.54249e-007
F_rate[149]   0.00410379 3.45764e-007
F_rate[150]   0.00438407 -5.46705e-007
F_rate[151]   0.00468164 -1.87854e-007
F_rate[152]   0.00499535 -4.48575e-007
F_rate[153]    0.0053053 -2.28991e-008
F_rate[154]   0.00559757 -9.36632e-007
F_rate[155]   0.00588466 -2.29186e-007
F_rate[156]   0.00618302 3.50946e-007
F_rate[157]   0.00648962  8.1268e-007
F_rate[158]    0.0068096  6.8491e-007
F_rate[159]   0.00715687 7.13519e-007
F_rate[160]   0.00752096  4.4328e-007
F_rate[161]   0.00790144 -2.78009e-007
F_rate[162]   0.00834983 5.21095e-007
F_rate[163]     0.026064 2.01919e-007
F_rate[164]   0.00765963 5.16834e-007
F_rate[165]    0.0110104 3.23269e-007
F_rate[166]    0.0196931 6.98026e-007
F_rate[167]    0.0498009  2.3478e-007
F_rate[168]    0.0553105 1.20011e-007
F_rate[169]    0.0785578 -5.1364e-008
F_rate[170]     0.051087 -1.38047e-009
F_rate[171]    0.0698629 -2.19144e-007
F_rate[172]    0.0734022 -2.03214e-007
F_rate[173]    0.0956928 4.58399e-008
F_rate[174]    0.0910512 4.66883e-007
F_rate[175]     0.083295 4.77148e-007
F_rate[176]     0.124019 -1.39014e-007
F_rate[177]      0.06099 6.97203e-008
F_rate[178]    0.0705294 -1.0672e-007
F_rate[179]    0.0368129 -2.49577e-007
F_rate[180]    0.0515603 -3.47826e-007
F_rate[181]    0.0409697 -4.08082e-007
F_rate[182]    0.0744665 -1.48146e-007
F_rate[183]     0.057348 -1.36181e-007
F_rate[184]    0.0610772 -2.93706e-007
F_rate[185]    0.0815075 -5.28246e-007
F_rate[186]    0.0634675 -5.25088e-007
F_rate[187]    0.0566227 -5.25172e-007
F_rate[188]    0.0527482 -3.21992e-007
F_rate[189]    0.0537154 -4.30432e-007
F_rate[190]    0.0672667 -2.59144e-007
F_rate[191]    0.0395505 -9.1389e-008
F_rate[192]     0.118775 -1.50762e-007
F_rate[193]    0.0785388 -2.49688e-008
F_rate[194]     0.131834 7.14872e-008
F_rate[195]     0.101925  1.4713e-007
F_rate[196]    0.0499689 -3.37153e-008
F_rate[197]    0.0681509 1.57062e-006
F_rate[198]    0.0805046 7.66283e-007
F_rate[199]    0.0846153 1.13855e-007
F_rate[200]     0.109711 6.20995e-010
F_rate[201]     0.114364 -6.79742e-007
F_rate[202]     0.146225 1.69322e-007
F_rate[203]     0.167406  1.0448e-007
F_rate[204]     0.205044 -7.27708e-008
F_rate[205]     0.221054 -5.00538e-008
F_rate[206]     0.221029 -3.7567e-007
F_rate[207]     0.167412 8.92189e-008
F_rate[208]     0.161209 2.14531e-007
F_rate[209]      0.18382 -3.56654e-007
F_rate[210]     0.194198 3.88609e-007
F_rate[211]     0.215615 2.77274e-007
F_rate[212]     0.212242 3.01258e-007
F_rate[213]     0.231283 -6.06763e-008
F_rate[214]     0.235102 -3.13496e-007
F_rate[215]     0.267363 -2.26607e-007
F_rate[216]      0.25199 1.94803e-007
F_rate[217]     0.240467 1.30389e-007
F_rate[218]     0.237448 7.69545e-008
F_rate[219]     0.240259  4.3715e-007
F_rate[220]     0.239303 9.08207e-009
F_rate[221]     0.240982 2.03033e-007
F_rate[222]     0.250328 1.56491e-007
F_rate[223]     0.273667 3.68774e-007
F_rate[224]     0.289619 -2.63424e-008
F_rate[225]     0.303551 -2.10337e-007
F_rate[226]     0.311538 -4.96907e-008
F_rate[227]     0.296455 -1.69107e-007
F_rate[228]     0.271576 2.17909e-007
F_rate[229]     0.279537 2.97745e-008
F_rate[230]     0.320909 1.85628e-007
F_rate[231]     0.306789 7.40649e-008
F_rate[232]     0.344815 -1.73314e-007
F_rate[233]     0.281027 -3.10098e-008
F_rate[234]     0.248059 -9.57015e-008
F_rate[235]     0.249041 1.09508e-007
F_rate[236]     0.242619 2.09279e-007
F_rate[237]     0.259663  5.5624e-007
F_rate[238]     0.337936 6.41193e-008
F_rate[239]     0.350569 2.99545e-007
F_rate[240]      0.42536 -3.5841e-007
F_rate[241]     0.398375 -2.77693e-007
F_rate[242]     0.409146 -3.44066e-007
F_rate[243]     0.412778 -2.76429e-007
F_rate[244]     0.506143 -2.60964e-007
F_rate[245]     0.321718 -2.47787e-007
F_rate[246]     0.233908 -7.07041e-007
F_rate[247]     0.269279 -6.49245e-007
F_rate[248]     0.318135 -7.3556e-007
F_rate[249]     0.286301 -7.49733e-007
F_rate[250]     0.301284 -6.3208e-007
F_rate[251]     0.245654 -3.19334e-007
F_rate[252]     0.142129 -6.80787e-008
F_rate[253]    0.0889852 -5.14211e-007
F_rate[254]    0.0700971 1.85312e-007
F_rate[255]     0.119589 -1.48882e-007
F_rate[256]    0.0939536 2.69419e-007
F_rate[257]    0.0964249 1.70042e-007
F_rate[258]     0.081864 2.82701e-008
F_rate[259]    0.0882698   1.535e-007
F_rate[260]    0.0684624   4.208e-008
Q_parm[4]      1.35957 -6.96544e-007
selparm[1]      27.5006 1.14051e-007
selparm[2]     -5.44199 -1.83477e-009
selparm[3]      4.11563 -3.48534e-007
selparm[4]      -3.8895 2.39878e-009
selparm[5]     -4.50996 -2.06621e-007
selparm[6]      1.81957 1.97271e-008
selparm[7]      13.0375 7.76663e-006
selparm[8]     -5.38506 3.75407e-008
selparm[9]    -0.592411 -1.07446e-006
selparm[10]      3.60204 -2.90907e-007
selparm[11]    -0.249909 1.43427e-010
selparm[12]     -5.30623 6.89075e-009
selparm[13]      2.42807 4.06965e-006
selparm[14]     0.889578 -1.54164e-007
selparm[15]      3.88721 -2.89868e-006
selparm[16]      1.80274  2.9992e-007
selparm[17]      4.25913 2.71638e-006
selparm[18]     0.204153 -6.80209e-007
selparm[19]     0.791767 -4.5533e-006
selparm[20]     -2.18089 9.07055e-010
selparm[21]     -13.8708 -1.29088e-009
selparm[22]     0.576915 1.33504e-010
selparm[29]      2.58262 -7.34655e-007
selparm[30]     0.927243 4.02119e-008
selparm[31]      4.13374 -4.86002e-006
selparm[32]      1.59317 8.24279e-007
